m,time
20.362927572512113,109871779994114
20.33972306671237,109871879994114
17.847168627874552,109871979994114
16.941579122422645,109872079994114
16.80019983888117,109872179994114
16.83995428652376,109872279994114
17.370572644611702,109872379994114
19.559794325514087,109872479994114
20.179408285944096,109872579994114
21.49890391922215,109872679994114
21.854861720038762,109872779994114
21.856761575801677,109872879994114
22.585229040167505,109872979994114
23.825380865012303,109873079994114
22.74997863566852,109873179994114
21.96543726564418,109873279994114
21.77690879188001,109873379994114
21.344756212894357,109873479994114
21.07410561448184,109873579994114
20.881235137736102,109873679994114
21.417644500255026,109873779994114
21.391269020890935,109873879994114
21.193328960698963,109873979994114
21.055228179047702,109874079994114
20.510160019392508,109874179994114
20.703613957169555,109874279994114
19.507756062985234,109874379994114
18.176071175919482,109874479994114
19.249069759597003,109874579994114
20.80683696553431,109874679994114
22.59827651359216,109874779994114
22.949781307399824,109874879994114
25.30934374382893,109874979994114
25.67692374825025,109875079994114
26.4001557168545,109875179994114
27.358243791964465,109875279994114
25.79450925909028,109875379994114
27.174509479954988,109875479994114
28.44982265992497,109875579994114
33.99458813534643,109875679994114
35.752071526971136,109875779994114
37.49605513112957,109875879994114
37.50686671550376,109875979994114
38.10825780244882,109876079994114
38.58296400128609,109876179994114
38.17077775997626,109876279994114
35.83832253039125,109876379994114
31.457525385050847,109876479994114
30.873536950405306,109876579994114
31.422738399455014,109876679994114
31.60817686757012,109876779994114
31.501967817369657,109876879994114
30.34270156055652,109876979994114
31.522436376107287,109877079994114
31.51817931599134,109877179994114
33.240828123579405,109877279994114
32.122332167404714,109877379994114
31.83162804986531,109877479994114
33.6692755309001,109877579994114
33.22830316626545,109877679994114
29.31932413996956,109877779994114
27.430458573271387,109877879994114
26.40072500311657,109877979994114
25.871867007467884,109878079994114
28.216418521260227,109878179994114
28.29211599549352,109878279994114
28.50108955341977,109878379994114
32.133033844889816,109878479994114
32.44510937318688,109878579994114
34.712456130012946,109878679994114
35.86354252807939,109878779994114
35.90122738833757,109878879994114
32.28378144317897,109878979994114
27.653012113849407,109879079994114
25.7394442113777,109879179994114
26.391174928979723,109879279994114
28.208603524872874,109879379994114
28.72440219305856,109879479994114
29.039851358153356,109879579994114
29.052648774041696,109879679994114
30.717315249190047,109879779994114
31.47183365039511,109879879994114
32.121710972188694,109879979994114
33.26646901687354,109880079994114
32.560074034652146,109880179994114
29.621295590342026,109880279994114
28.422441950585547,109880379994114
29.010191064098034,109880479994114
31.665288237192968,109880579994114
31.962970542100283,109880679994114
32.41438627082541,109880779994114
33.52861325848819,109880879994114
34.7345064145837,109880979994114
36.38672077625014,109881079994114
37.630350740390575,109881179994114
37.398610629891685,109881279994114
36.687617391279076,109881379994114
33.37394087896991,109881479994114
31.892282010185383,109881579994114
30.49428257252534,109881679994114
30.688516125939397,109881779994114
30.726161900550373,109881879994114
30.558964270677862,109881979994114
30.987259907925523,109882079994114
32.917410877778806,109882179994114
32.76885646431097,109882279994114
33.64168331365001,109882379994114
34.07697409840903,109882479994114
31.402901020858536,109882579994114
26.86322216647238,109882679994114
25.697667999053856,109882779994114
28.21388153228086,109882879994114
28.834311700774283,109882979994114
29.289867879906854,109883079994114
31.000170149500732,109883179994114
32.62198723714255,109883279994114
33.155852876623555,109883379994114
33.41933200445401,109883479994114
34.59662801076631,109883579994114
35.979705470169634,109883679994114
35.03890275580358,109883779994114
35.64526457254089,109883879994114
35.59765493146713,109883979994114
35.19059060599866,109884079994114
37.69333514136333,109884179994114
38.371335014417426,109884279994114
39.56024757120072,109884379994114
40.50324659629615,109884479994114
41.21884341436696,109884579994114
41.444351870787784,109884679994114
43.978844276078746,109884779994114
43.52460906567749,109884879994114
44.12001530421893,109884979994114
41.1092926929526,109885079994114
40.86524957761311,109885179994114
42.42880270085816,109885279994114
44.854946382065755,109885379994114
45.02804042698983,109885479994114
45.228642138100184,109885579994114
45.997603563817435,109885679994114
46.05078331966107,109885779994114
45.60874443320077,109885879994114
46.21297728116275,109885979994114
46.46112016380742,109886079994114
43.92146210283063,109886179994114
42.32095075476292,109886279994114
40.28419002576735,109886379994114
40.30484106599411,109886479994114
41.452406611718246,109886579994114
41.49417795993579,109886679994114
40.91027454369634,109886779994114
40.22211485297799,109886879994114
40.62233509178748,109886979994114
40.29735623453266,109887079994114
39.30669436545516,109887179994114
39.58384800681699,109887279994114
40.357183723349294,109887379994114
38.21353921375499,109887479994114
36.84480423156869,109887579994114
37.35310268923728,109887679994114
37.240025765402414,109887779994114
37.303169006438075,109887879994114
38.61212936271935,109887979994114
38.64066783323175,109888079994114
38.825538762554714,109888179994114
39.38042491593749,109888279994114
41.12536000821014,109888379994114
42.34131955753982,109888479994114
42.975849589157065,109888579994114
43.49399725881101,109888679994114
41.03501087238776,109888779994114
41.49851235101041,109888879994114
44.55569401638894,109888979994114
44.39947297342461,109889079994114
42.78068936571308,109889179994114
43.864638243345354,109889279994114
44.13005917080902,109889379994114
44.46025807794805,109889479994114
45.92048914599341,109889579994114
46.11328147753881,109889679994114
46.156485625426654,109889779994114
42.14948842167406,109889879994114
36.71675978550021,109889979994114
35.71663425638528,109890079994114
34.156353187544504,109890179994114
34.649785164862465,109890279994114
34.58114511631854,109890379994114
34.059125352578896,109890479994114
33.020408936193625,109890579994114
35.12580614772492,109890679994114
34.510113011585716,109890779994114
34.96994977398081,109890879994114
34.71215102109775,109890979994114
30.970243423903177,109891079994114
28.42993147706977,109891179994114
28.939120746425772,109891279994114
31.299731679623342,109891379994114
31.017851236745962,109891479994114
32.08562142438353,109891579994114
33.84849876177212,109891679994114
34.44072257675731,109891779994114
36.4709987165499,109891879994114
38.54460751190103,109891979994114
39.028057898633364,109892079994114
38.903361668237686,109892179994114
37.21214466023041,109892279994114
35.437354160426544,109892379994114
36.72620040885511,109892479994114
38.91099165725213,109892579994114
39.892913118694985,109892679994114
40.33606284903023,109892779994114
40.477694179017966,109892879994114
42.616818062980116,109892979994114
42.270855244946,109893079994114
43.20942493278534,109893179994114
43.90041269803647,109893279994114
44.021264036981414,109893379994114
38.45796918148464,109893479994114
37.917500883285726,109893579994114
39.08135395992742,109893679994114
41.64253369135044,109893779994114
41.8919189361987,109893879994114
41.93186780181879,109893979994114
42.587300079556606,109894079994114
44.02007420057129,109894179994114
42.97547022711108,109894279994114
43.788855357196645,109894379994114
44.85312495612916,109894479994114
43.22521251870426,109894579994114
42.55329436689321,109894679994114
40.65336203705114,109894779994114
41.27619354390638,109894879994114
45.975307741939105,109894979994114
45.501603627185,109895079994114
48.27256886075769,109895179994114
49.50462790752846,109895279994114
49.31963077663127,109895379994114
49.303271010562185,109895479994114
50.55675764688919,109895579994114
51.241346039315566,109895679994114
50.56220840044358,109895779994114
47.45070667885485,109895879994114
44.768001496274366,109895979994114
44.872350323953256,109896079994114
45.233910811403796,109896179994114
47.18294825753811,109896279994114
46.974193286065656,109896379994114
45.603744251528795,109896479994114
46.32418491804953,109896579994114
46.074094057102,109896679994114
45.67045532382354,109896779994114
46.799102316343905,109896879994114
46.640954576322564,109896979994114
41.35777081406175,109897079994114
39.83653061283104,109897179994114
38.0163163011648,109897279994114
38.375285704181216,109897379994114
40.67733281329933,109897479994114
40.98838848185742,109897579994114
40.39511458229796,109897679994114
41.510860712878376,109897779994114
40.71378122712229,109897879994114
43.6704865910782,109897979994114
43.564629658878644,109898079994114
43.4125950822624,109898179994114
45.235632993099664,109898279994114
39.698608916014905,109898379994114
39.94318479349264,109898479994114
40.45937510441785,109898579994114
43.01135449221125,109898679994114
44.54442027965057,109898779994114
42.34100011180777,109898879994114
44.94552757312204,109898979994114
42.629627810462274,109899079994114
40.7674635890154,109899179994114
40.86847023838108,109899279994114
40.62595390060896,109899379994114
39.45481841681977,109899479994114
33.686649455292965,109899579994114
31.73306705257036,109899679994114
30.402077665913183,109899779994114
30.738099922096982,109899879994114
32.76030083544965,109899979994114
32.518117865293625,109900079994114
32.307134861203835,109900179994114
33.979799272609036,109900279994114
34.12172887405002,109900379994114
34.48283917208405,109900479994114
35.80861357317925,109900579994114
35.60294105692208,109900679994114
29.85200800432411,109900779994114
26.99257524575827,109900879994114
25.893271949190336,109900979994114
26.03220585212081,109901079994114
25.434178320654034,109901179994114
27.27160153054703,109901279994114
26.647859721868052,109901379994114
28.146425212988596,109901479994114
30.54670964429009,109901579994114
31.80214610295351,109901679994114
32.26773815250061,109901779994114
33.162242762426416,109901879994114
29.738422220796622,109901979994114
28.13389848894754,109902079994114
27.187899216123142,109902179994114
27.109701866200034,109902279994114
28.987478314429218,109902379994114
29.700621027880892,109902479994114
30.442103615588962,109902579994114
33.23512218356774,109902679994114
36.833988902261346,109902779994114
36.93522717594868,109902879994114
39.31941707978585,109902979994114
39.21287337288754,109903079994114
33.65458231892291,109903179994114
33.72547121075076,109903279994114
32.840899463164355,109903379994114
32.612085201943394,109903479994114
32.99670621388927,109903579994114
32.56779551421773,109903679994114
34.15981311850841,109903779994114
36.4871588871107,109903879994114
37.61686234807827,109903979994114
38.08266706773797,109904079994114
38.87237853497002,109904179994114
35.82329299116631,109904279994114
31.563955476357044,109904379994114
26.47449217232298,109904479994114
25.03543300837121,109904579994114
24.505359454774823,109904679994114
22.660679473801338,109904779994114
21.30836210381219,109904879994114
21.236802358140455,109904979994114
24.641439893126787,109905079994114
26.882515133859954,109905179994114
27.00012906590881,109905279994114
27.095803391968843,109905379994114
26.536482158539467,109905479994114
21.183555143296594,109905579994114
18.447694963201933,109905679994114
19.30865759963468,109905779994114
19.77190649826289,109905879994114
20.639684347451485,109905979994114
20.24153894761045,109906079994114
21.051836388367256,109906179994114
23.776145605329443,109906279994114
24.011457506648192,109906379994114
26.8483150263662,109906479994114
26.2701052755767,109906579994114
25.183911763137147,109906679994114
20.968062609824763,109906779994114
17.30602961121673,109906879994114
17.01995422520093,109906979994114
17.71503591252577,109907079994114
18.790207950992933,109907179994114
19.24130618296631,109907279994114
20.092983144342814,109907379994114
23.970711896559862,109907479994114
27.08314415348379,109907579994114
29.40412501318195,109907679994114
31.038131889883765,109907779994114
32.46121796758101,109907879994114
28.317281635507108,109907979994114
27.015117895999502,109908079994114
26.471273795267035,109908179994114
27.36978975968994,109908279994114
28.068666045484967,109908379994114
28.882782104942308,109908479994114
30.135024434453463,109908579994114
34.10713496140843,109908679994114
34.981116117504385,109908779994114
36.9524003380908,109908879994114
37.658796693868574,109908979994114
35.972055146354805,109909079994114
33.801443807965086,109909179994114
32.554714324481175,109909279994114
32.482602620919145,109909379994114
34.415605368250176,109909479994114
34.47970510733253,109909579994114
34.35236781255111,109909679994114
35.85458175947801,109909779994114
38.607551117382116,109909879994114
40.94321894224395,109909979994114
42.313168957542466,109910079994114
43.468155016606104,109910179994114
43.58787984738152,109910279994114
40.462308895072226,109910379994114
37.58432603446803,109910479994114
35.404388875470914,109910579994114
36.60530915159747,109910679994114
36.565780330714404,109910779994114
34.0804949092863,109910879994114
34.63994069208083,109910979994114
35.535766892229866,109911079994114
35.733133387163036,109911179994114
36.05150712807103,109911279994114
36.72910626284757,109911379994114
33.174732822314866,109911479994114
28.7900604255284,109911579994114
25.484520022889228,109911679994114
23.09185762767059,109911779994114
21.855641731302853,109911879994114
22.115950383054837,109911979994114
22.069140711132906,109912079994114
24.11944723673671,109912179994114
28.086006993449637,109912279994114
28.72494277388851,109912379994114
30.14666861036817,109912479994114
32.37657338581716,109912579994114
32.036495572667235,109912679994114
29.3987935516527,109912779994114
26.17585527524319,109912879994114
25.90852864805918,109912979994114
25.631313181761517,109913079994114
25.60392444748045,109913179994114
25.498910243989727,109913279994114
25.452239120282393,109913379994114
29.18721621088769,109913479994114
30.661404557516274,109913579994114
31.874662504893585,109913679994114
31.115762884849,109913779994114
27.23629486543583,109913879994114
26.607717178406286,109913979994114
25.98624389481599,109914079994114
26.709563524769496,109914179994114
27.17383285568607,109914279994114
26.9046195630686,109914379994114
27.221099140416346,109914479994114
27.7379464671315,109914579994114
27.27548450779633,109914679994114
26.47999194076301,109914779994114
26.088288248467123,109914879994114
26.466444403522658,109914979994114
26.137906448489698,109915079994114
25.883123202334772,109915179994114
26.010707639494182,109915279994114
26.11413901405227,109915379994114
26.502835827200066,109915479994114
26.808661302105268,109915579994114
26.767290748465616,109915679994114
26.626920285609643,109915779994114
25.97621328054207,109915879994114
25.835027325568923,109915979994114
26.41996638551441,109916079994114
26.620643553902372,109916179994114
26.45358251435061,109916279994114
26.164888544752717,109916379994114
26.785505274132305,109916479994114
27.083253245741385,109916579994114
26.30842069691421,109916679994114
23.077162663125762,109916779994114
22.073188779355014,109916879994114
20.51659657896143,109916979994114
17.634890901983095,109917079994114
17.77800395227488,109917179994114
17.489118508223427,109917279994114
16.349127140068425,109917379994114
15.465030275793225,109917479994114
15.854141969509778,109917579994114
17.12792219549981,109917679994114
17.53272616315634,109917779994114
18.50759973759153,109917879994114
18.946955474964835,109917979994114
20.821835425565414,109918079994114
21.020331120452237,109918179994114
21.120742434743303,109918279994114
20.152010485817197,109918379994114
19.94713412510235,109918479994114
17.948158050468184,109918579994114
16.865363952154528,109918679994114
16.518951464831204,109918779994114
16.621268642056304,109918879994114
15.707680109439002,109918979994114
15.403168862299689,109919079994114
15.400314525741274,109919179994114
15.580164279103865,109919279994114
16.26928813270663,109919379994114
17.028375412531382,109919479994114
18.42127141223176,109919579994114
19.831600360279623,109919679994114
20.838130447288425,109919779994114
20.63013000327928,109919879994114
21.722354685165065,109919979994114
22.19699336450601,109920079994114
22.358285838570172,109920179994114
23.02505926289624,109920279994114
22.750449875316946,109920379994114
21.923827382718574,109920479994114
21.54911075217112,109920579994114
21.74808466104369,109920679994114
22.011318862108286,109920779994114
21.789688666486587,109920879994114
21.789688666486587,109920979994114
21.43965239506103,109921079994114
21.523415353648797,109921179994114
21.472927225353814,109921279994114
21.584931271586136,109921379994114
22.95619452405209,109921479994114
23.044538063867307,109921579994114
23.82701128765818,109921679994114
24.022787019515928,109921779994114
24.230702151990037,109921879994114
24.062766803632368,109921979994114
23.55720199244581,109922079994114
23.90677009480783,109922179994114
23.333328604469123,109922279994114
23.165569403622683,109922379994114
22.85927708187567,109922479994114
21.452310765834067,109922579994114
22.11118625921686,109922679994114
22.5079467151528,109922779994114
22.031108301651482,109922879994114
21.69601661798917,109922979994114
21.69601661798917,109923079994114
21.943996093829355,109923179994114
22.10671285693867,109923279994114
22.10780225891088,109923379994114
22.055951143790878,109923479994114
22.168629566465892,109923579994114
22.528844470278496,109923679994114
22.354680427438304,109923779994114
22.784100396241193,109923879994114
22.85558070647233,109923979994114
23.031926384484034,109924079994114
22.624590265514513,109924179994114
22.782250992176017,109924279994114
22.63238857963067,109924379994114
22.10484420135093,109924479994114
22.8400284310151,109924579994114
22.500160609749738,109924679994114
20.91951317414494,109924779994114
21.066635776464146,109924879994114
21.22664404130053,109924979994114
22.515760025498924,109925079994114
21.441661110623983,109925179994114
20.889255775351906,109925279994114
21.458851546548942,109925379994114
19.957105989297848,109925479994114
15.973672193875757,109925579994114
13.20315276817476,109925679994114
9.388663466267893,109925779994114
6.080554802149296,109925879994114
6.447232344238506,109925979994114
6.739486116338235,109926079994114
7.720347892656933,109926179994114
8.910199064289394,109926279994114
10.081670383258075,109926379994114
12.07799576136376,109926479994114
12.749325020232757,109926579994114
15.651333214457367,109926679994114
16.8933179016879,109926779994114
18.324362919314094,109926879994114
20.420212223740386,109926979994114
21.287823013598498,109927079994114
22.659676970803933,109927179994114
25.27233580667689,109927279994114
22.638230697745534,109927379994114
23.02839865207995,109927479994114
24.35665054624897,109927579994114
24.42588172688077,109927679994114
25.166828310782837,109927779994114
23.746994767845912,109927879994114
16.94101861688443,109927979994114
14.298786279761774,109928079994114
13.730729767684426,109928179994114
14.192316032491851,109928279994114
14.968572276006286,109928379994114
14.660957129622119,109928479994114
17.12765271366985,109928579994114
18.849690494244555,109928679994114
19.474802703933282,109928779994114
20.21523032955353,109928879994114
19.792370076085092,109928979994114
18.371715825157175,109929079994114
17.296802856692327,109929179994114
19.63471526294857,109929279994114
22.4059437604389,109929379994114
23.17044270996777,109929479994114
24.15648468017449,109929579994114
26.259496464012276,109929679994114
25.93407405677955,109929779994114
28.349881836556243,109929879994114
27.90485045542524,109929979994114
27.722780847338786,109930079994114
28.227286023962964,109930179994114
28.246055315617088,109930279994114
28.113547895557165,109930379994114
27.631062761204067,109930479994114
26.011934762333304,109930579994114
24.482618323862823,109930679994114
23.980696995575194,109930779994114
23.83607956171491,109930879994114
23.143612153267327,109930979994114
22.493603656633454,109931079994114
22.342935229344352,109931179994114
22.2891722516049,109931279994114
22.36378805685771,109931379994114
22.3911188322896,109931479994114
23.35043852196157,109931579994114
23.69599430803158,109931679994114
23.654193379279253,109931779994114
24.091683241190978,109931879994114
23.883203771159504,109931979994114
24.637303484164434,109932079994114
24.764855853312284,109932179994114
24.890020112774334,109932279994114
25.077534490236825,109932379994114
25.511476564116016,109932479994114
25.28874192398917,109932579994114
25.511476564116016,109932679994114
25.702375911215693,109932779994114
25.54625646930097,109932879994114
25.53328782930073,109932979994114
25.263789564875704,109933079994114
24.977259904895586,109933179994114
24.66052497879107,109933279994114
24.683957424694185,109933379994114
24.66052497879107,109933479994114
24.465215170844463,109933579994114
24.58956742219171,109933679994114
24.888103703382768,109933779994114
24.888103703382768,109933879994114
24.853205024788913,109933979994114
24.891490617404433,109934079994114
24.805135032486035,109934179994114
24.77756040263899,109934279994114
24.553083639395968,109934379994114
24.624878856793213,109934479994114
24.54018774159825,109934579994114
24.568806656808672,109934679994114
24.60845000483795,109934779994114
24.481184810233746,109934879994114
24.975405128036943,109934979994114
25.108788800729638,109935079994114
24.15997992849543,109935179994114
24.062807867482253,109935279994114
24.67900793139328,109935379994114
24.699790406910378,109935479994114
23.88422321887131,109935579994114
24.174677562632485,109935679994114
24.683085158358594,109935779994114
25.42395398916587,109935879994114
25.577124683196697,109935979994114
24.105146111515914,109936079994114
24.56740513902019,109936179994114
24.72311885601864,109936279994114
24.39612390877399,109936379994114
24.568806656808672,109936479994114
24.95988215738977,109936579994114
25.03613839919065,109936679994114
25.08377808613914,109936779994114
24.93504682336484,109936879994114
24.993646694934544,109936979994114
24.812731746280843,109937079994114
24.562627341830726,109937179994114
24.7791795458813,109937279994114
24.7791795458813,109937379994114
24.40020745775617,109937479994114
24.782645212570486,109937579994114
24.96714645313395,109937679994114
24.718294706710825,109937779994114
24.637303484164434,109937879994114
24.826342546656466,109937979994114
24.663316928132186,109938079994114
24.812731746280843,109938179994114
24.71539559108703,109938279994114
24.793033880159502,109938379994114
24.70038321965582,109938479994114
24.893889155066862,109938579994114
24.655903545051263,109938679994114
24.793019576515952,109938779994114
24.999925442681747,109938879994114
25.626028621580538,109938979994114
25.3799237815312,109939079994114
25.28121080127297,109939179994114
24.828719904712194,109939279994114
24.82485641906435,109939379994114
24.85800133604106,109939479994114
25.162396557197386,109939579994114
24.81467354842684,109939679994114
24.812731746280843,109939779994114
24.884208662795558,109939879994114
24.76247717648917,109939979994114
24.435307235447265,109940079994114
24.432475249339234,109940179994114
24.364325335656513,109940279994114
24.257687040985605,109940379994114
24.250179746199013,109940479994114
24.462139269484297,109940579994114
24.58962048430048,109940679994114
25.036688134540977,109940779994114
24.944582461290874,109940879994114
24.986706335579118,109940979994114
24.98814084011257,109941079994114
24.25184367945178,109941179994114
24.462198964413577,109941279994114
24.52167673664415,109941379994114
24.316800447513504,109941479994114
24.013359887439943,109941579994114
24.246198125438948,109941679994114
24.395980719901058,109941779994114
24.55338208555604,109941879994114
24.587905799110278,109941979994114
24.66056648624721,109942079994114
24.471419083529128,109942179994114
24.66672126628537,109942279994114
24.55338208555604,109942379994114
24.698375910056377,109942479994114
24.51049328470951,109942579994114
23.929516091131436,109942679994114
25.10421414607408,109942779994114
24.577120569667912,109942879994114
24.527729399708146,109942979994114
24.49452424004731,109943079994114
24.600135898599788,109943179994114
24.372682576196908,109943279994114
24.462139269484297,109943379994114
24.355929240255502,109943479994114
24.355929240255502,109943579994114
24.355929240255502,109943679994114
24.355929240255502,109943779994114
24.250179746199013,109943879994114
24.245594620680603,109943979994114
23.95576446356897,109944079994114
24.28623666862133,109944179994114
24.72022089255019,109944279994114
24.52167673664415,109944379994114
24.85576227033289,109944479994114
24.608606467195496,109944579994114
24.322387705397958,109944679994114
24.462139269484297,109944779994114
24.737362148097603,109944879994114
24.41868837502121,109944979994114
24.267047587801343,109945079994114
24.56047913068096,109945179994114
24.34937566369885,109945279994114
24.14015583066139,109945379994114
24.56047913068096,109945479994114
24.56047913068096,109945579994114
24.717641064768532,109945679994114
24.15093326710282,109945779994114
24.000613356833053,109945879994114
23.685154921223212,109945979994114
23.98129628036659,109946079994114
24.302818972151407,109946179994114
24.688970981681013,109946279994114
24.035927788367356,109946379994114
24.071833494039375,109946479994114
24.911569416892515,109946579994114
24.96356494897541,109946679994114
25.05650960577082,109946779994114
25.089488003240643,109946879994114
24.825448400387987,109946979994114
24.540380833556576,109947079994114
25.116107734232315,109947179994114
25.50520037213233,109947279994114
25.03878241298999,109947379994114
24.89439592239994,109947479994114
24.51039165130393,109947579994114
24.289901529165324,109947679994114
24.395640129421697,109947779994114
24.451729837696924,109947879994114
23.356393991469627,109947979994114
22.998554593201607,109948079994114
23.13994658462513,109948179994114
22.627968254745607,109948279994114
21.610333781324616,109948379994114
21.445910955658363,109948479994114
21.04714102827413,109948579994114
21.189471121785378,109948679994114
20.780870197767825,109948779994114
20.896092382918443,109948879994114
20.879970912895786,109948979994114
20.967408699601574,109949079994114
20.88387603701904,109949179994114
20.88387603701904,109949279994114
20.834981316483145,109949379994114
21.11227122338035,109949479994114
20.87042764576394,109949579994114
20.573078484492537,109949679994114
20.694274934785106,109949779994114
20.908305792592888,109949879994114
20.976743903894477,109949979994114
21.074265927607204,109950079994114
20.85115416552295,109950179994114
20.691618989496227,109950279994114
20.624635958381955,109950379994114
21.473077821424123,109950479994114
21.97629008920805,109950579994114
22.130583154579487,109950679994114
22.7304242010392,109950779994114
23.08020445926424,109950879994114
24.23362174962353,109950979994114
24.41795928368143,109951079994114
24.093381624635395,109951179994114
23.943260364810037,109951279994114
23.04897932154592,109951379994114
22.630973151956425,109951479994114
22.11132112191565,109951579994114
22.20597947978141,109951679994114
21.082519692533587,109951779994114
21.205754877291728,109951879994114
22.431740049015854,109951979994114
22.371717956765966,109952079994114
21.998272128884874,109952179994114
22.468866708827203,109952279994114
22.500278922661906,109952379994114
22.611143309723268,109952479994114
22.87456609475629,109952579994114
22.701848937641753,109952679994114
22.328349464655513,109952779994114
21.930418028856106,109952879994114
22.51053958163288,109952979994114
22.52755876380024,109953079994114
22.951560456888203,109953179994114
23.39194568302995,109953279994114
24.609369320296512,109953379994114
24.904153916824654,109953479994114
24.64585272863997,109953579994114
24.96234601349953,109953679994114
24.72031178866385,109953779994114
24.80130467549417,109953879994114
25.64550040320962,109953979994114
25.4259947971583,109954079994114
25.59380895243145,109954179994114
25.849602742627244,109954279994114
25.849602742627244,109954379994114
25.35083164930641,109954479994114
25.508093102246843,109954579994114
26.460590982243342,109954679994114
26.613347720116334,109954779994114
26.574311738953785,109954879994114
25.769626682944907,109954979994114
25.921425495225574,109955079994114
26.4785344601191,109955179994114
26.568549823294703,109955279994114
26.472786002409855,109955379994114
26.416272682443644,109955479994114
26.17438342157022,109955579994114
26.20890970256146,109955679994114
26.346946492259747,109955779994114
26.422100253160462,109955879994114
26.243193508839504,109955979994114
25.985507086942658,109956079994114
26.067379424598823,109956179994114
26.48483488270821,109956279994114
26.29193946690976,109956379994114
25.219536703416203,109956479994114
25.81054191903664,109956579994114
26.003845211796985,109956679994114
25.980765905413232,109956779994114
26.03883410850132,109956879994114
26.775259183551675,109956979994114
26.37040870395926,109957079994114
26.034202558204573,109957179994114
26.139201007545985,109957279994114
26.052510172320627,109957379994114
25.812038658669806,109957479994114
25.81746587768517,109957579994114
25.74079059757221,109957679994114
25.77826295406176,109957779994114
25.78397036625632,109957879994114
26.703192742806248,109957979994114
26.348413711796965,109958079994114
25.76281570017729,109958179994114
25.40944675834168,109958279994114
25.834957853646287,109958379994114
25.920878077568602,109958479994114
25.511447535213307,109958579994114
25.475138341309446,109958679994114
25.543571227745986,109958779994114
24.60773766602816,109958879994114
24.13046431097505,109958979994114
22.864157248048453,109959079994114
22.92506223897165,109959179994114
22.918122212016744,109959279994114
21.517733165761644,109959379994114
21.2682697980994,109959479994114
20.50135761462365,109959579994114
19.7380514741486,109959679994114
19.39219523712536,109959779994114
19.067113004663273,109959879994114
17.80957262780679,109959979994114
17.293629244418927,109960079994114
17.075012873024217,109960179994114
17.2068279035715,109960279994114
17.14487323323676,109960379994114
18.189175340932373,109960479994114
20.390779200603312,109960579994114
19.979298805833157,109960679994114
20.609386157379557,109960779994114
24.182604251435,109960879994114
24.751477175166983,109960979994114
26.562435524875873,109961079994114
27.531966333918945,109961179994114
30.191624922972842,109961279994114
30.345514308079697,109961379994114
30.962925815495485,109961479994114
32.161133210067675,109961579994114
32.076893649879366,109961679994114
31.849108685206666,109961779994114
31.863639688707558,109961879994114
31.73838690709967,109961979994114
32.00484842173335,109962079994114
31.666678965699855,109962179994114
31.348385120225764,109962279994114
31.373010722685162,109962379994114
31.304712782145423,109962479994114
31.09649884698958,109962579994114
31.230678177457555,109962679994114
31.43013739723177,109962779994114
31.20962348737844,109962879994114
31.44257023948992,109962979994114
31.567988452895,109963079994114
31.306788077210477,109963179994114
30.882039505754104,109963279994114
31.01236892992846,109963379994114
31.10712923788724,109963479994114
30.96321362390824,109963579994114
30.560700327513104,109963679994114
30.80452893345848,109963779994114
30.826590961268558,109963879994114
30.681927978152146,109963979994114
30.688597823824924,109964079994114
30.413035097028853,109964179994114
30.04376051696916,109964279994114
29.818348085812758,109964379994114
29.697093940711564,109964479994114
29.146897248662075,109964579994114
29.180326739203743,109964679994114
29.21023696501009,109964779994114
29.14010579187388,109964879994114
28.71370358454192,109964979994114
28.722249362758358,109965079994114
28.722249362758358,109965179994114
28.86811764904184,109965279994114
28.946296548285304,109965379994114
28.96153856340837,109965479994114
28.95475378096901,109965579994114
28.889874402129564,109965679994114
29.202146378192023,109965779994114
29.208288507541624,109965879994114
29.546120259850937,109965979994114
29.941455111322952,109966079994114
29.805506524295158,109966179994114
29.236796582165585,109966279994114
28.115796795747933,109966379994114
29.22884143174572,109966479994114
29.394770886434852,109966579994114
28.879764110863107,109966679994114
28.631377366433092,109966779994114
28.507557143953644,109966879994114
28.600261123921108,109966979994114
28.33851286517297,109967079994114
28.318998949488158,109967179994114
28.706341174548488,109967279994114
28.22612056373795,109967379994114
27.932917645849358,109967479994114
28.974374806889248,109967579994114
28.991723884952197,109967679994114
28.90019815667076,109967779994114
28.80220810654789,109967879994114
28.750880552772465,109967979994114
29.237232568832397,109968079994114
29.216198465609,109968179994114
29.302197445986558,109968279994114
29.31185672837454,109968379994114
29.03798809458492,109968479994114
29.026078813107976,109968579994114
29.15589460201656,109968679994114
29.44226007904165,109968779994114
29.19173368167635,109968879994114
29.315075036252374,109968979994114
28.579640191950695,109969079994114
28.747839961168186,109969179994114
28.761842652380675,109969279994114
28.512856995601858,109969379994114
28.234823876247262,109969479994114
28.63586941148534,109969579994114
28.914277046475,109969679994114
28.85951483704427,109969779994114
29.356493262503253,109969879994114
29.126583222992235,109969979994114
28.78597791798436,109970079994114
28.759137200809022,109970179994114
28.78597791798436,109970279994114
28.867255366117142,109970379994114
28.789317328665494,109970479994114
28.684743646871844,109970579994114
28.642981867221714,109970679994114
28.642981867221714,109970779994114
28.81379945551424,109970879994114
28.690539892157922,109970979994114
28.5588684490637,109971079994114
28.388001902677193,109971179994114
28.394109460637733,109971279994114
28.554723490686754,109971379994114
28.45925485970028,109971479994114
28.45850985011872,109971579994114
28.58750631235689,109971679994114
28.63586941148534,109971779994114
28.517142458632744,109971879994114
28.95394673291125,109971979994114
28.50741357945219,109972079994114
28.554911539973606,109972179994114
28.35144149172941,109972279994114
28.44242910161449,109972379994114
28.65362005185011,109972479994114
28.783526273037015,109972579994114
29.28462720538191,109972679994114
29.278038951130657,109972779994114
29.533506507795376,109972879994114
29.47912947964931,109972979994114
29.086750469893587,109973079994114
28.825650293690373,109973179994114
28.816659196182,109973279994114
29.385863207985352,109973379994114
28.740761510485548,109973479994114
28.298466544596142,109973579994114
29.034931688617373,109973679994114
29.266115515480017,109973779994114
29.073280610492567,109973879994114
28.42314040787053,109973979994114
28.005822184753185,109974079994114
28.11480238637743,109974179994114
28.28192613726285,109974279994114
28.33692151094963,109974379994114
27.718053952804656,109974479994114
27.379875915524767,109974579994114
27.73182509284749,109974679994114
27.59198882041666,109974779994114
27.471957205807524,109974879994114
27.765472618516288,109974979994114
28.11545854382564,109975079994114
29.182560239402708,109975179994114
28.901454449695002,109975279994114
28.934542065078002,109975379994114
29.32402834346409,109975479994114
28.99786250832365,109975579994114
29.35248738347612,109975679994114
29.1810658505783,109975779994114
29.334442772006053,109975879994114
29.246816554090376,109975979994114
29.194763023626646,109976079994114
30.307605016896787,109976179994114
30.20599438730788,109976279994114
30.25763447475341,109976379994114
30.538109191246196,109976479994114
30.619142034184666,109976579994114
30.538109191246196,109976679994114
30.190832324038524,109976779994114
29.912491867810964,109976879994114
29.722289700512125,109976979994114
29.46878941452896,109977079994114
29.472897719589767,109977179994114
29.46878941452896,109977279994114
29.421372555674385,109977379994114
29.30199931132975,109977479994114
29.44366321766657,109977579994114
29.30184031541769,109977679994114
29.31387335275502,109977779994114
29.300763750199906,109977879994114
29.318668132699536,109977979994114
29.258733260233328,109978079994114
28.79401297361371,109978179994114
28.511321548812674,109978279994114
28.592590644813107,109978379994114
28.592590644813107,109978479994114
28.90874289002101,109978579994114
28.966036936359433,109978679994114
28.798301166211004,109978779994114
28.936165383878283,109978879994114
29.136314396069878,109978979994114
29.231034500845947,109979079994114
29.24789934502667,109979179994114
28.88308964124032,109979279994114
28.987136690597872,109979379994114
28.76536414332221,109979479994114
28.657372080529818,109979579994114
28.77438979721569,109979679994114
29.850109199213442,109979779994114
29.667991723912426,109979879994114
29.667991723912426,109979979994114
28.95402354195341,109980079994114
28.397954046841164,109980179994114
28.46872326005948,109980279994114
28.98350329354345,109980379994114
28.45085272402979,109980479994114
28.614083163435346,109980579994114
28.983085589412827,109980679994114
29.4205221927295,109980779994114
29.20536122169485,109980879994114
28.682955961935463,109980979994114
28.759137200809022,109981079994114
28.678340070737928,109981179994114
28.939434126493648,109981279994114
28.984715971101714,109981379994114
28.4418142687462,109981479994114
28.720563802225737,109981579994114
28.819640274679518,109981679994114
28.513265706156933,109981779994114
28.531516308591126,109981879994114
28.679601109724192,109981979994114
28.59460180925025,109982079994114
28.43683894637319,109982179994114
28.568573174639624,109982279994114
28.679601109724192,109982379994114
28.866963691111806,109982479994114
28.862618739192637,109982579994114
28.862618739192637,109982679994114
28.85327968362111,109982779994114
28.79603356602459,109982879994114
28.90709303922853,109982979994114
28.94151547870328,109983079994114
28.36654361744975,109983179994114
28.614083163435346,109983279994114
28.752408171326838,109983379994114
28.804244867951198,109983479994114
28.775338308818952,109983579994114
28.925891586221752,109983679994114
28.84131142964643,109983779994114
28.862618739192637,109983879994114
28.98725256557922,109983979994114
28.98725256557922,109984079994114
28.99999947436176,109984179994114
28.662494919544958,109984279994114
28.496540085889826,109984379994114
28.68657984079737,109984479994114
28.760745151330656,109984579994114
29.136668811993413,109984679994114
28.877675678165588,109984779994114
28.532875283818317,109984879994114
29.17230316626856,109984979994114
29.317021876906466,109985079994114
28.92913018446248,109985179994114
29.147007947971684,109985279994114
29.148414014968196,109985379994114
29.27711276823245,109985479994114
28.565918161805808,109985579994114
28.909758621587468,109985679994114
29.44226007904165,109985779994114
29.457804990357427,109985879994114
29.811085637076697,109985979994114
29.64147492472693,109986079994114
28.959192336736283,109986179994114
29.018131984021622,109986279994114
29.046810556005546,109986379994114
28.81273272242445,109986479994114
28.73822816187515,109986579994114
28.976990935864173,109986679994114
29.197077153931886,109986779994114
29.216198465609,109986879994114
29.37653162602688,109986979994114
29.38184935158277,109987079994114
28.45506918744791,109987179994114
28.48567741731092,109987279994114
28.698238857615546,109987379994114
28.75678872706216,109987479994114
28.778158617170572,109987579994114
29.18351688343423,109987679994114
29.25663067259955,109987779994114
29.285622053636228,109987879994114
29.448413431962514,109987979994114
28.96619191900252,109988079994114
29.00608332443255,109988179994114
29.00608332443255,109988279994114
29.00608332443255,109988379994114
28.962886753064183,109988479994114
28.966492602697702,109988579994114
28.798309447563305,109988679994114
28.4782131616687,109988779994114
28.58241338966836,109988879994114
28.518508253087862,109988979994114
28.518508253087862,109989079994114
28.888237642070788,109989179994114
28.912623948022947,109989279994114
29.11362975605445,109989379994114
28.929303524386768,109989479994114
28.62190549018888,109989579994114
28.532551927173127,109989679994114
28.535490762537265,109989779994114
28.7484889308912,109989879994114
29.134226472133733,109989979994114
29.134226472133733,109990079994114
28.909343399675045,109990179994114
28.109486929532647,109990279994114
28.29532895036419,109990379994114
28.900123325715896,109990479994114
28.8237577296342,109990579994114
28.450904287236337,109990679994114
28.31218143566461,109990779994114
28.38224048411795,109990879994114
28.90710841711186,109990979994114
28.18353150494973,109991079994114
28.13825021746517,109991179994114
28.12962869842903,109991279994114
29.328892346658,109991379994114
29.0290809802437,109991479994114
28.678340070737928,109991579994114
28.891992027197162,109991679994114
29.01198505212554,109991779994114
29.093401779404463,109991879994114
29.093401779404463,109991979994114
29.07569946649713,109992079994114
29.04521704594393,109992179994114
28.731183932300702,109992279994114
28.729866482322965,109992379994114
28.594910766246123,109992479994114
28.69733650790665,109992579994114
29.732359816741305,109992679994114
29.623164171220303,109992779994114
29.236380957167373,109992879994114
29.02569835908778,109992979994114
28.76039469713441,109993079994114
29.089882506286926,109993179994114
29.129975317010608,109993279994114
28.933642156997962,109993379994114
28.912623948022947,109993479994114
28.888237642070788,109993579994114
28.69615611409395,109993679994114
28.721561734026434,109993779994114
28.840490290785514,109993879994114
28.666092607407712,109993979994114
28.58424317169407,109994079994114
28.888237642070788,109994179994114
29.408273346139012,109994279994114
29.443757426033052,109994379994114
28.47350373910733,109994479994114
28.54880160842052,109994579994114
29.02341335186315,109994679994114
28.70925846286361,109994779994114
28.64390230088993,109994879994114
28.92364017972136,109994979994114
28.922433380678573,109995079994114
29.105821913956923,109995179994114
29.64491455601821,109995279994114
29.343967409292674,109995379994114
29.547793461169377,109995479994114
29.46304782004048,109995579994114
29.585152317719732,109995679994114
29.17108182194615,109995779994114
28.693211892494933,109995879994114
28.634040760048677,109995979994114
29.028449587723657,109996079994114
29.131277715714308,109996179994114
29.143252383178247,109996279994114
29.135164502105628,109996379994114
29.135164502105628,109996479994114
28.57906333281368,109996579994114
28.60872087690173,109996679994114
29.938368084718512,109996779994114
29.560602369740877,109996879994114
29.68457874152723,109996979994114
29.91056485734449,109997079994114
28.902285315995012,109997179994114
28.588970901328377,109997279994114
28.738186553602265,109997379994114
28.944415687001356,109997479994114
29.11281316640372,109997579994114
28.944415687001356,109997679994114
28.881062284262143,109997779994114
28.593925479198703,109997879994114
27.976378585242447,109997979994114
28.778158617170572,109998079994114
28.78808884393843,109998179994114
28.29287656828194,109998279994114
28.458045514978753,109998379994114
28.984863652622987,109998479994114
28.831432922896948,109998579994114
28.728402793432174,109998679994114
28.75884382117759,109998779994114
28.76474007295661,109998879994114
28.994319684946717,109998979994114
28.970858621121696,109999079994114
28.97000214873749,109999179994114
28.97000214873749,109999279994114
28.85591469291641,109999379994114
28.767419436825772,109999479994114
28.912623948022947,109999579994114
29.32650765194843,109999679994114
29.076562426992997,109999779994114
29.276442690047745,109999879994114
29.334906943889347,109999979994114
29.04521704594393,110000079994114
28.76425991706134,110000179994114
28.559576471010647,110000279994114
28.59506082346826,110000379994114
28.641496397385396,110000479994114
28.384886815269308,110000579994114
28.32299462427693,110000679994114
28.17329700985436,110000779994114
28.55836773434949,110000879994114
29.67005133254384,110000979994114
28.201659223563208,110001079994114
28.190949976236645,110001179994114
28.542437717518567,110001279994114
28.63652028686027,110001379994114
28.42293999171498,110001479994114
28.1389764521596,110001579994114
28.263864753157872,110001679994114
28.895341826685318,110001779994114
29.088469228195773,110001879994114
28.673986913030625,110001979994114
28.565786670793663,110002079994114
28.185407196151928,110002179994114
27.81846897709466,110002279994114
27.81846897709466,110002379994114
27.944777955867373,110002479994114
28.078753544577605,110002579994114
28.25585637301795,110002679994114
28.74501111596485,110002779994114
29.560886009492933,110002879994114
29.04221516708088,110002979994114
28.20545456682873,110003079994114
28.514877189207496,110003179994114
29.08782248145937,110003279994114
29.017682920651158,110003379994114
28.7912763699062,110003479994114
28.769379902410737,110003579994114
28.971073841708503,110003679994114
28.74326910726485,110003779994114
28.88261732670031,110003879994114
28.78685228273325,110003979994114
28.977143540898705,110004079994114
28.966424437836533,110004179994114
28.905144666643267,110004279994114
28.891616037002464,110004379994114
28.852403581573054,110004479994114
28.732102855769877,110004579994114
28.70478570961818,110004679994114
29.072000304532928,110004779994114
28.80029441943245,110004879994114
28.994319684946717,110004979994114
28.87127588785936,110005079994114
28.93119597214057,110005179994114
28.740999958554067,110005279994114
28.93408748582809,110005379994114
28.83748805134463,110005479994114
28.710321626510677,110005579994114
28.25996387812428,110005679994114
28.49502280226342,110005779994114
29.46508162041732,110005879994114
29.331143169531387,110005979994114
29.04723676782341,110006079994114
29.147910784728584,110006179994114
28.914916598124147,110006279994114
29.036999801284395,110006379994114
29.08782248145937,110006479994114
28.85413187216795,110006579994114
28.717571704961024,110006679994114
28.82820021118503,110006779994114
28.811146336498176,110006879994114
29.076562426992997,110006979994114
29.006281062218047,110007079994114
29.076562426992997,110007179994114
29.013814668320503,110007279994114
28.26310076489855,110007379994114
28.344337476307697,110007479994114
28.7484889308912,110007579994114
28.3816941177388,110007679994114
28.610292959980768,110007779994114
28.988804532896285,110007879994114
29.23161513230889,110007979994114
27.67068521888756,110008079994114
28.205734104501254,110008179994114
29.112752441023122,110008279994114
28.929516595957608,110008379994114
28.37161796209993,110008479994114
27.969790747744593,110008579994114
28.8746559440333,110008679994114
29.039083119421512,110008779994114
29.052313730162467,110008879994114
29.10717350704217,110008979994114
28.994319684946717,110009079994114
28.912623948022947,110009179994114
28.557200057786172,110009279994114
28.744474042021537,110009379994114
28.594910766246123,110009479994114
28.512856995601858,110009579994114
28.92233551819808,110009679994114
28.853271631100828,110009779994114
28.823583325494823,110009879994114
28.768929487770876,110009979994114
29.08782248145937,110010079994114
28.799820747058078,110010179994114
29.08942960225775,110010279994114
28.966424437836533,110010379994114
28.944415687001356,110010479994114
28.86376892491457,110010579994114
29.013022595544538,110010679994114
28.966424437836533,110010779994114
28.966424437836533,110010879994114
29.08906576899459,110010979994114
29.135164502105628,110011079994114
28.79309637702196,110011179994114
28.79309637702196,110011279994114
28.675391027110248,110011379994114
28.543210444455525,110011479994114
28.646875696703265,110011579994114
28.891616037002464,110011679994114
28.251358706969572,110011779994114
28.533287019380946,110011879994114
28.79309637702196,110011979994114
28.564189469109802,110012079994114
28.544615621578263,110012179994114
28.544615621578263,110012279994114
28.568573217522644,110012379994114
28.745360315909764,110012479994114
28.934804295043588,110012579994114
28.320090498281733,110012679994114
28.057561095547104,110012779994114
28.399286970543322,110012879994114
29.3089093973958,110012979994114
28.4897048645268,110013079994114
28.54292125886181,110013179994114
28.55504614116177,110013279994114
28.451530513766514,110013379994114
28.55864282415352,110013479994114
28.488746595767502,110013579994114
28.488746595767502,110013679994114
28.760805731117053,110013779994114
29.06673828298893,110013879994114
28.7484889308912,110013979994114
28.764439023751113,110014079994114
28.544615621578263,110014179994114
28.79917793050036,110014279994114
29.16072194389748,110014379994114
28.909343399675045,110014479994114
28.909343399675045,110014579994114
28.909343399675045,110014679994114
28.717571704961024,110014779994114
28.717571704961024,110014879994114
28.79309637702196,110014979994114
28.80626002061729,110015079994114
29.00608332443255,110015179994114
28.88308964124032,110015279994114
28.465706904463502,110015379994114
28.5502600173762,110015479994114
28.429251563482808,110015579994114
28.04617168341496,110015679994114
28.049141082058014,110015779994114
28.387058904232344,110015879994114
29.040393748031267,110015979994114
28.517547735103804,110016079994114
28.350376890138392,110016179994114
28.350376890138392,110016279994114
28.350376890138392,110016379994114
28.53425244222988,110016479994114
28.22851160109036,110016579994114
28.455923314679584,110016679994114
29.14436726154656,110016779994114
29.127316076561602,110016879994114
29.004836479868732,110016979994114
28.953868134859306,110017079994114
28.76035312093036,110017179994114
28.88308964124032,110017279994114
29.067149878547262,110017379994114
29.107444531819702,110017479994114
29.05444725397367,110017579994114
29.04723676782341,110017679994114
29.013366969468606,110017779994114
28.747914485802173,110017879994114
27.98560178430291,110017979994114
28.12958166375494,110018079994114
28.7074388369742,110018179994114
28.625707622706532,110018279994114
28.625707622706532,110018379994114
28.259707754752068,110018479994114
28.326568640200147,110018579994114
29.093401779404463,110018679994114
29.16829847361673,110018779994114
29.04521704594393,110018879994114
29.037519833071602,110018979994114
28.97000214873749,110019079994114
28.7484889308912,110019179994114
28.92364017972136,110019279994114
28.97000214873749,110019379994114
28.97000214873749,110019479994114
28.922528011228085,110019579994114
28.92364017972136,110019679994114
29.04723676782341,110019779994114
29.072906884329573,110019879994114
29.23975398768485,110019979994114
29.150149160363284,110020079994114
29.107444531819702,110020179994114
28.91184513248725,110020279994114
28.77643055654878,110020379994114
28.776141157612887,110020479994114
29.107444531819702,110020579994114
29.107444531819702,110020679994114
29.107444531819702,110020779994114
28.9976804041958,110020879994114
29.067149878547262,110020979994114
29.12389870665102,110021079994114
28.9535883892138,110021179994114
28.79948740404848,110021279994114
28.84698013640649,110021379994114
29.015486008818673,110021479994114
29.51782845651876,110021579994114
28.69641943805456,110021679994114
28.601947596499315,110021779994114
28.05566506035127,110021879994114
28.16372211634748,110021979994114
29.071793639294395,110022079994114
29.30283375048675,110022179994114
28.898624890839372,110022279994114
28.88823615172912,110022379994114
28.78749959444785,110022479994114
29.031450039287574,110022579994114
29.317807722700444,110022679994114
28.601947596499315,110022779994114
28.370270122694787,110022879994114
28.423583137663172,110022979994114
29.276442690047745,110023079994114
28.64496790700825,110023179994114
27.723510914980093,110023279994114
28.0173267534498,110023379994114
28.26941839182259,110023479994114
28.5502600173762,110023579994114
28.5502600173762,110023679994114
28.49849337347296,110023779994114
28.367475742438817,110023879994114
29.16829847361673,110023979994114
27.997155967776326,110024079994114
28.02124848566644,110024179994114
28.215313269248924,110024279994114
28.236830610133786,110024379994114
28.760660297368158,110024479994114
29.127316076561602,110024579994114
28.928312217904395,110024679994114
28.14121541228693,110024779994114
28.39198785874559,110024879994114
28.399267900912257,110024979994114
28.88261732670031,110025079994114
28.88261732670031,110025179994114
29.004836479868732,110025279994114
28.775115810445122,110025379994114
28.882147358835574,110025479994114
29.004836479868732,110025579994114
29.004836479868732,110025679994114
28.760660297368158,110025779994114
28.760660297368158,110025879994114
28.760660297368158,110025979994114
28.898624890839372,110026079994114
28.82044024679482,110026179994114
29.175365219235672,110026279994114
29.27764908047513,110026379994114
29.043499684918146,110026479994114
29.172381254216102,110026579994114
29.153817828607803,110026679994114
28.831432922896948,110026779994114
28.709049505899657,110026879994114
28.666092607407712,110026979994114
28.86205268930799,110027079994114
28.88261732670031,110027179994114
28.760660297368158,110027279994114
28.88261732670031,110027379994114
28.977796847952714,110027479994114
28.992602733961373,110027579994114
28.96595348214137,110027679994114
29.036999801284395,110027779994114
29.072352360498318,110027879994114
29.06842030976377,110027979994114
28.903196905845252,110028079994114
28.850336200335747,110028179994114
28.898776197783494,110028279994114
29.029523626150752,110028379994114
29.07722148760614,110028479994114
29.21168458434349,110028579994114
29.18499298480361,110028679994114
28.875052934743987,110028779994114
28.93080277039459,110028879994114
29.086149881684037,110028979994114
29.012468966061626,110029079994114
29.134916476741253,110029179994114
29.012468966061626,110029279994114
28.404195860940842,110029379994114
28.52531060491172,110029479994114
29.884353774649863,110029579994114
30.434141642493266,110029679994114
30.30388616527948,110029779994114
29.905809581214218,110029879994114
30.00056952851693,110029979994114
29.795296130742873,110030079994114
28.574265165181092,110030179994114
29.57942320752451,110030279994114
29.46366510616189,110030379994114
28.98426557382375,110030479994114
28.462446881409004,110030579994114
28.583314802118892,110030679994114
29.019534638818158,110030779994114
29.195098869231455,110030879994114
28.581646841682915,110030979994114
28.667028861531925,110031079994114
29.155741476811684,110031179994114
28.679148327293106,110031279994114
27.214527696396623,110031379994114
27.115595360631943,110031479994114
27.10190322040377,110031579994114
28.163820407050682,110031679994114
28.89372436010047,110031779994114
29.600987015758143,110031879994114
31.51235931245857,110031979994114
32.150550764485985,110032079994114
32.10152507479882,110032179994114
33.177683182506215,110032279994114
32.74531557116962,110032379994114
33.01946202053969,110032479994114
33.277857900659306,110032579994114
33.280595502178386,110032679994114
33.559408610194524,110032779994114
33.80313328917758,110032879994114
34.00859419027927,110032979994114
33.82603705826542,110033079994114
34.11390158358169,110033179994114
34.56277119599286,110033279994114
34.83919010680149,110033379994114
34.67755876242155,110033479994114
33.858699606688845,110033579994114
33.79742099727466,110033679994114
34.14542815675468,110033779994114
34.46372673440718,110033879994114
34.73155087885272,110033979994114
34.46597842545492,110034079994114
33.838930584723265,110034179994114
33.880111073468,110034279994114
34.25466400386293,110034379994114
33.6763192911045,110034479994114
33.251529613037185,110034579994114
33.12034564265566,110034679994114
34.909889111771584,110034779994114
34.14612836004841,110034879994114
32.91144251231309,110034979994114
32.85305035375845,110035079994114
32.85540081716358,110035179994114
33.91978029336999,110035279994114
35.24290677530955,110035379994114
34.87591301908434,110035479994114
34.23566673526812,110035579994114
33.750674761571325,110035679994114
34.1421077044111,110035779994114
34.01928783684722,110035879994114
33.88077957049489,110035979994114
33.94157449871087,110036079994114
34.51956471881525,110036179994114
34.40322427511088,110036279994114
34.422092173659784,110036379994114
34.422092173659784,110036479994114
34.422092173659784,110036579994114
34.35707681918813,110036679994114
34.30865286695222,110036779994114
34.33705305709842,110036879994114
34.33705305709842,110036979994114
34.31479331322831,110037079994114
34.31479331322831,110037179994114
34.30385534239891,110037279994114
34.758838053505265,110037379994114
34.667742993036434,110037479994114
34.53168509930922,110037579994114
34.395744986812765,110037679994114
34.395744986812765,110037779994114
34.284845181024515,110037879994114
34.33956311651689,110037979994114
34.28122582716221,110038079994114
34.27895729033484,110038179994114
34.236989234305184,110038279994114
34.112147961727445,110038379994114
34.088465019365046,110038479994114
34.088465019365046,110038579994114
34.361583062481124,110038679994114
34.4508980077216,110038779994114
34.54895128310371,110038879994114
34.416264485900214,110038979994114
34.701582617898275,110039079994114
34.04558461555956,110039179994114
34.30586180067645,110039279994114
34.629664982084016,110039379994114
34.85952936857495,110039479994114
34.658028875540545,110039579994114
34.089882567429065,110039679994114
34.20492541782987,110039779994114
34.27787026311378,110039879994114
34.059934481163786,110039979994114
34.1486103357812,110040079994114
34.111572269280984,110040179994114
34.30865286695222,110040279994114
34.557928644696425,110040379994114
34.422092173659784,110040479994114
34.36887028903547,110040579994114
34.37352325091859,110040679994114
35.05159219181692,110040779994114
34.91099908701253,110040879994114
34.043943598623606,110040979994114
34.043943598623606,110041079994114
34.043943598623606,110041179994114
34.25766666585056,110041279994114
34.41454016630669,110041379994114
34.04729496999193,110041479994114
34.20694462742924,110041579994114
34.22121473120776,110041679994114
34.38532396055624,110041779994114
34.418939516789955,110041879994114
34.415276690817514,110041979994114
34.14011761534536,110042079994114
33.81254167646406,110042179994114
33.992818968056234,110042279994114
34.21138543120724,110042379994114
34.17364916424128,110042479994114
34.119827538482525,110042579994114
34.03366743453805,110042679994114
34.08194918954364,110042779994114
34.198268765635206,110042879994114
34.21138543120724,110042979994114
33.94950266683451,110043079994114
34.11503421497757,110043179994114
33.99067659412523,110043279994114
32.601881807588164,110043379994114
32.862527798572195,110043479994114
33.32499605615984,110043579994114
33.39891082543837,110043679994114
33.53231452438267,110043779994114
33.3408471498903,110043879994114
32.158473297822454,110043979994114
31.838386967607153,110044079994114
32.12471848437571,110044179994114
31.692858884043797,110044279994114
31.26220639023032,110044379994114
30.736886504327217,110044479994114
29.85018624982997,110044579994114
29.843272370637607,110044679994114
29.579122187594262,110044779994114
29.092068699227852,110044879994114
28.71579543598405,110044979994114
28.60576912778211,110045079994114
28.256518590325985,110045179994114
28.42907182387943,110045279994114
28.547485468104576,110045379994114
28.36452659859983,110045479994114
28.17182243597427,110045579994114
28.027947944663325,110045679994114
28.040622392518138,110045779994114
28.040622392518138,110045879994114
27.86324847438255,110045979994114
27.29161629836636,110046079994114
26.031234306887196,110046179994114
26.32977113164092,110046279994114
26.58515050026803,110046379994114
26.94105385545453,110046479994114
25.72223744836688,110046579994114
25.822885116509987,110046679994114
26.2314719258602,110046779994114
26.03705266669653,110046879994114
26.43185218872242,110046979994114
26.68894157791235,110047079994114
27.110055803673397,110047179994114
27.07410135153257,110047279994114
27.31889284768645,110047379994114
27.41403646924265,110047479994114
27.54742185535752,110047579994114
27.85848211223936,110047679994114
27.91282753978791,110047779994114
27.86614291435709,110047879994114
27.639162222767805,110047979994114
27.345111023411175,110048079994114
27.408009454139442,110048179994114
28.04644786889557,110048279994114
27.811231654059874,110048379994114
27.382356464131288,110048479994114
26.818088013475887,110048579994114
27.571964972519268,110048679994114
28.078105317251893,110048779994114
28.63623158292416,110048879994114
29.69500812597926,110048979994114
29.843583913647517,110049079994114
30.110811275385448,110049179994114
30.87663969250416,110049279994114
31.313022417184467,110049379994114
31.305985589276467,110049479994114
32.10749358831009,110049579994114
31.722064783155094,110049679994114
31.332131045826632,110049779994114
31.28782551520249,110049879994114
31.74374010635583,110049979994114
31.840632466861056,110050079994114
31.76095736445438,110050179994114
31.62802114749971,110050279994114
31.75597232841995,110050379994114
32.00920933111033,110050479994114
32.12307176589793,110050579994114
31.93319581367368,110050679994114
31.94757760493977,110050779994114
32.069467063110515,110050879994114
31.931527668256265,110050979994114
32.15902247660284,110051079994114
32.07546859744122,110051179994114
32.05450666955348,110051279994114
32.273701753104035,110051379994114
31.937658305427608,110051479994114
31.57771287970193,110051579994114
32.28487930858809,110051679994114
32.458367318959105,110051779994114
32.45883257178813,110051879994114
32.141701543534204,110051979994114
31.94037080466957,110052079994114
31.689008320308204,110052179994114
31.74512846906939,110052279994114
31.56647355407085,110052379994114
31.86866110382861,110052479994114
32.06247747958063,110052579994114
32.12566304470173,110052679994114
32.12566304470173,110052779994114
32.12566304470173,110052879994114
32.67835208684689,110052979994114
32.2773161443884,110053079994114
32.00450260069229,110053179994114
32.11430272975025,110053279994114
32.11206463979041,110053379994114
31.94037080466957,110053479994114
31.94037080466957,110053579994114
32.320025869775556,110053679994114
32.37885139216316,110053779994114
32.28115967475347,110053879994114
32.31200841583134,110053979994114
32.276948245189146,110054079994114
32.53764099658454,110054179994114
32.07281769817531,110054279994114
31.98808881069783,110054379994114
31.919497883418806,110054479994114
31.858625781269478,110054579994114
31.71917399642964,110054679994114
28.64809051472766,110054779994114
29.26147691429314,110054879994114
28.826837878132988,110054979994114
29.523180102422852,110055079994114
29.256063154577348,110055179994114
29.41093371495211,110055279994114
29.38787063939339,110055379994114
29.513345772936233,110055479994114
27.61145575203341,110055579994114
26.415704456844846,110055679994114
23.510984113117967,110055779994114
21.284493608679114,110055879994114
21.299463029133587,110055979994114
19.306648886485924,110056079994114
19.103686801211342,110056179994114
18.461625698716084,110056279994114
18.12811010882278,110056379994114
19.519894653419982,110056479994114
19.990257158027113,110056579994114
21.71833513061664,110056679994114
21.670097323405304,110056779994114
21.42513701703388,110056879994114
21.542590777141164,110056979994114
22.22911689926689,110057079994114
22.03935643097066,110057179994114
23.100021979154647,110057279994114
24.264451704074627,110057379994114
24.52832582249547,110057479994114
24.7997620250281,110057579994114
25.359828963926333,110057679994114
25.76836262215116,110057779994114
25.886555542286164,110057879994114
25.653540816222115,110057979994114
26.54827166191425,110058079994114
26.34124584793654,110058179994114
26.129028929297426,110058279994114
25.740168014672452,110058379994114
25.523285078380948,110058479994114
25.135503304387413,110058579994114
25.330482375678077,110058679994114
25.04893636958446,110058779994114
24.93150097081765,110058879994114
24.87144913714269,110058979994114
23.72282043716277,110059079994114
23.86850412582965,110059179994114
24.059144630272087,110059279994114
24.030521705799426,110059379994114
24.181129868891716,110059479994114
23.95957886493293,110059579994114
23.69909271433577,110059679994114
23.746728539637157,110059779994114
23.644990720714674,110059879994114
23.504991781578003,110059979994114
23.34306945979357,110060079994114
23.421171099188047,110060179994114
23.79935613447805,110060279994114
23.554290755864372,110060379994114
23.706124332999085,110060479994114
23.05529475458859,110060579994114
23.55489689997913,110060679994114
25.1783860100172,110060779994114
25.34050813521884,110060879994114
24.557145728795305,110060979994114
24.243227233608675,110061079994114
24.74496267096031,110061179994114
25.409271709709806,110061279994114
25.486423236827154,110061379994114
25.868780212971007,110061479994114
25.01110422414361,110061579994114
24.265106651803,110061679994114
24.32079751481174,110061779994114
23.4486515901722,110061879994114
23.25507927603125,110061979994114
22.046305919444944,110062079994114
21.56353064432344,110062179994114
20.741209252083358,110062279994114
20.046353688222187,110062379994114
20.06657755762573,110062479994114
18.65031129661403,110062579994114
17.618097288656173,110062679994114
17.355958845703636,110062779994114
15.87801180743662,110062879994114
16.901301019559295,110062979994114
16.95154518319859,110063079994114
17.689689228372806,110063179994114
17.816791351108503,110063279994114
15.371555654840279,110063379994114
13.715494280235456,110063479994114
13.492765605845964,110063579994114
12.786718711533235,110063679994114
13.602617234516046,110063779994114
12.858323503073342,110063879994114
12.143414974691007,110063979994114
13.226567645112011,110064079994114
13.894676870176538,110064179994114
14.942358854424727,110064279994114
15.279406146446336,110064379994114
16.858915209181685,110064479994114
17.25914857245258,110064579994114
17.50755429441379,110064679994114
18.490017867371204,110064779994114
18.891485605054942,110064879994114
18.930995208734345,110064979994114
19.110265052327264,110065079994114
19.81376273363431,110065179994114
19.279757627189262,110065279994114
19.501373263329896,110065379994114
20.13214588098511,110065479994114
18.737581329892727,110065579994114
17.472780656965572,110065679994114
18.193526010369784,110065779994114
18.19570464240531,110065879994114
18.909561599606352,110065979994114
20.465408498954762,110066079994114
20.324404695393373,110066179994114
19.902634360373302,110066279994114
19.976553549251584,110066379994114
20.875432317529672,110066479994114
20.886715185602547,110066579994114
20.818744432836784,110066679994114
21.01938260954832,110066779994114
21.060381166805726,110066879994114
20.601344385315915,110066979994114
20.79781590725502,110067079994114
20.638697510106415,110067179994114
20.37401997402624,110067279994114
20.76111246025863,110067379994114
20.874063735896033,110067479994114
20.757615157130306,110067579994114
21.15245418033936,110067679994114
20.635379094222774,110067779994114
20.435289011658387,110067879994114
20.536091027505844,110067979994114
20.56724169918983,110068079994114
21.605045607947332,110068179994114
20.756850312184024,110068279994114
20.656603764161307,110068379994114
20.221835854713017,110068479994114
20.705419478133567,110068579994114
20.78387708845489,110068679994114
19.621486952674967,110068779994114
19.542582759629468,110068879994114
19.542582759629468,110068979994114
19.63783646112936,110069079994114
20.183090721446426,110069179994114
19.986965642584536,110069279994114
19.650142518751647,110069379994114
19.32145168578771,110069479994114
19.238851300849696,110069579994114
19.252012565054983,110069679994114
19.50460943457333,110069779994114
19.489394779237198,110069879994114
19.234560986345663,110069979994114
19.21132600899863,110070079994114
19.45795606125818,110070179994114
19.040466184538698,110070279994114
19.72797339406321,110070379994114
19.54072449088705,110070479994114
19.207982085755106,110070579994114
19.41833149346272,110070679994114
19.26793353239772,110070779994114
18.703835811055256,110070879994114
19.00875429764813,110070979994114
19.009865327152177,110071079994114
18.937609108199407,110071179994114
19.251039636772028,110071279994114
19.140779342517735,110071379994114
18.979677485299693,110071479994114
18.896884341224798,110071579994114
19.132179562944547,110071679994114
19.132179562944547,110071779994114
19.009850715377613,110071879994114
18.453537565197614,110071979994114
18.51899485517484,110072079994114
18.63492547785659,110072179994114
18.526834945535004,110072279994114
18.459205873737695,110072379994114
18.44775613603226,110072479994114
18.6954287306797,110072579994114
18.70572126894736,110072679994114
18.922335573794772,110072779994114
18.978723661160387,110072879994114
19.16663733617344,110072979994114
19.77256688632923,110073079994114
19.400838844685406,110073179994114
19.04079011493565,110073279994114
18.87303496918468,110073379994114
18.99111299826561,110073479994114
19.13259905515677,110073579994114
19.15774105744005,110073679994114
19.063815070020066,110073779994114
17.70753806333713,110073879994114
18.297818185932613,110073979994114
19.788871668878183,110074079994114
20.025027671324576,110074179994114
19.472259716382087,110074279994114
20.002232622441387,110074379994114
20.866179497637173,110074479994114
20.946358861159705,110074579994114
21.67373459754414,110074679994114
21.92230694714313,110074779994114
20.24464889710481,110074879994114
20.19109230724681,110074979994114
20.808195461739064,110075079994114
21.67772317486332,110075179994114
23.862904685591932,110075279994114
25.505582592364664,110075379994114
25.75957758439213,110075479994114
27.08753407512461,110075579994114
27.23991002804297,110075679994114
26.13065463779707,110075779994114
26.195469909754443,110075879994114
25.74489805419629,110075979994114
24.66802322049984,110076079994114
23.13465629451109,110076179994114
22.53028325737113,110076279994114
22.72882929927295,110076379994114
22.75695989466537,110076479994114
22.60109840329643,110076579994114
22.45958723889848,110076679994114
22.81085427479413,110076779994114
23.10141767433465,110076879994114
23.366852569252252,110076979994114
23.45578830470217,110077079994114
23.46992665479114,110077179994114
23.576834745353565,110077279994114
23.424112271781038,110077379994114
23.82318043418849,110077479994114
24.526056319577123,110077579994114
24.39184536254604,110077679994114
24.46175240922901,110077779994114
24.328219660449395,110077879994114
24.339606826056706,110077979994114
25.352495399406518,110078079994114
26.269273356705828,110078179994114
26.060324475498234,110078279994114
25.851974183007908,110078379994114
26.280659394387733,110078479994114
25.86201736795774,110078579994114
25.91962742941511,110078679994114
25.959823753933733,110078779994114
25.11891564420085,110078879994114
25.181958537398877,110078979994114
25.029420886704912,110079079994114
24.689982926642625,110079179994114
24.278959007964076,110079279994114
24.791202706786574,110079379994114
25.11166094882984,110079479994114
25.08812468914535,110079579994114
24.426616865023647,110079679994114
24.52246623846052,110079779994114
24.56779105413779,110079879994114
24.56779105413779,110079979994114
24.79211397611564,110080079994114
25.204414403139435,110080179994114
25.757837540324655,110080279994114
26.18355141818417,110080379994114
26.217782242969903,110080479994114
26.45853952824764,110080579994114
27.016528703415972,110080679994114
27.12649045724566,110080779994114
26.901128700866515,110080879994114
27.366682775987574,110080979994114
27.366682775987574,110081079994114
27.22589642121261,110081179994114
27.800959467574486,110081279994114
27.44111815543487,110081379994114
27.86551069524277,110081479994114
27.86551069524277,110081579994114
28.570283908994693,110081679994114
28.4325464274523,110081779994114
28.534443894238702,110081879994114
29.149499583736674,110081979994114
30.643289110439657,110082079994114
33.54148547057437,110082179994114
34.408071701599134,110082279994114
35.784687934976155,110082379994114
37.0044208855645,110082479994114
38.4534825037735,110082579994114
38.27719480956118,110082679994114
40.56892248184492,110082779994114
42.16067336761536,110082879994114
43.24131132481072,110082979994114
47.34463197422794,110083079994114
47.899322954625575,110083179994114
50.452700708919785,110083279994114
52.350013399185855,110083379994114
53.03189011394736,110083479994114
52.82562988624095,110083579994114
52.94708361677701,110083679994114
52.83387025512494,110083779994114
52.65762225025198,110083879994114
53.376836588131724,110083979994114
52.63976606437113,110084079994114
52.31995738079956,110084179994114
50.6874701666849,110084279994114
50.477803401492,110084379994114
50.7909015886345,110084479994114
50.711071673583966,110084579994114
51.403178684610396,110084679994114
51.130848922177925,110084779994114
50.20462277590322,110084879994114
50.26154314849153,110084979994114
50.04650479665346,110085079994114
49.56174567546395,110085179994114
49.19316895054679,110085279994114
48.69589914252653,110085379994114
47.096115288212566,110085479994114
47.127611679558285,110085579994114
48.03641754249899,110085679994114
47.222675352892246,110085779994114
47.085386427251294,110085879994114
45.93684572915794,110085979994114
44.832742379572544,110086079994114
43.575269471425756,110086179994114
42.41520310644921,110086279994114
41.1743805782736,110086379994114
41.0272993526745,110086479994114
41.15413675547143,110086579994114
42.029470957359564,110086679994114
41.81310594657338,110086779994114
42.170892799961095,110086879994114
42.26867206591732,110086979994114
42.310708769525476,110087079994114
42.030669411601345,110087179994114
41.44362204172963,110087279994114
41.556298117924534,110087379994114
41.316756577977365,110087479994114
41.22748936996778,110087579994114
41.88755724763417,110087679994114
41.14754883073413,110087779994114
40.60679025115113,110087879994114
40.59437992789317,110087979994114
40.41929915125461,110088079994114
40.60443769849841,110088179994114
39.90271012397965,110088279994114
39.816211641130295,110088379994114
40.052866918805094,110088479994114
39.292954116526936,110088579994114
38.75856314000526,110088679994114
39.353145416098684,110088779994114
39.08535148253152,110088879994114
38.50067654881801,110088979994114
38.335282742342976,110089079994114
38.364165967985095,110089179994114
37.97136236035935,110089279994114
37.80178433627779,110089379994114
38.504955481670606,110089479994114
38.38477086032128,110089579994114
37.263960396933285,110089679994114
37.566671812760866,110089779994114
37.68275305657417,110089879994114
36.68876278168155,110089979994114
36.773269968790366,110090079994114
35.985764444067655,110090179994114
35.69650281600293,110090279994114
35.36011678235514,110090379994114
34.28681019227891,110090479994114
32.695826653613985,110090579994114
32.92918514230094,110090679994114
32.46501084630498,110090779994114
30.55592645819348,110090879994114
29.46197515645537,110090979994114
27.063310368375763,110091079994114
26.510834367005682,110091179994114
27.103478549490344,110091279994114
26.45316862557935,110091379994114
26.15336879181569,110091479994114
26.774093462900193,110091579994114
27.55602350782789,110091679994114
27.289716223694047,110091779994114
27.28143444179684,110091879994114
27.380013595500845,110091979994114
27.621972006541025,110092079994114
26.8128156538563,110092179994114
26.650783190435103,110092279994114
26.338834658427647,110092379994114
25.925677595979828,110092479994114
25.89267612069291,110092579994114
25.40018424202791,110092679994114
26.041405224942178,110092779994114
25.443679554388986,110092879994114
25.07254457970944,110092979994114
25.09750530076184,110093079994114
25.670809869320856,110093179994114
25.521448108521014,110093279994114
24.98855514121346,110093379994114
25.33662470239961,110093479994114
25.903160434153328,110093579994114
25.69314263230824,110093679994114
25.321016755116553,110093779994114
25.2406015432429,110093879994114
25.20163645003614,110093979994114
25.072186103805567,110094079994114
25.430013356699906,110094179994114
25.887594836674303,110094279994114
25.915030119438143,110094379994114
26.45595712777833,110094479994114
26.872400907261238,110094579994114
26.682078832440766,110094679994114
26.884673639998173,110094779994114
28.593637474276964,110094879994114
28.853023345354703,110094979994114
28.8252051887983,110095079994114
28.579364582564608,110095179994114
28.92400303437427,110095279994114
29.190328709020058,110095379994114
29.040965227645263,110095479994114
28.747237458121123,110095579994114
29.849395737337733,110095679994114
32.58252758494804,110095779994114
33.606227399486265,110095879994114
34.71168398196965,110095979994114
34.97415494516924,110096079994114
37.83097802593136,110096179994114
37.63323476195387,110096279994114
38.24118705310699,110096379994114
38.781228344533375,110096479994114
39.073760836642094,110096579994114
39.466271016730204,110096679994114
39.83142637342614,110096779994114
39.341677922902775,110096879994114
39.679184734164885,110096979994114
38.77328474576852,110097079994114
38.80754602204695,110097179994114
39.11941484199527,110097279994114
40.41708145458761,110097379994114
39.89697169440361,110097479994114
40.50500793779307,110097579994114
39.92082487576617,110097679994114
39.80309153991428,110097779994114
40.74036874122993,110097879994114
40.71632112118043,110097979994114
40.52207158638511,110098079994114
42.15691331220964,110098179994114
42.42618252845512,110098279994114
41.53634731180753,110098379994114
42.04417249505901,110098479994114
41.57779328163985,110098579994114
42.41648089379015,110098679994114
41.07670341434756,110098779994114
40.81923387554943,110098879994114
40.93439267106973,110098979994114
40.707534864954845,110099079994114
41.20130201109036,110099179994114
41.11523233546625,110099279994114
41.0210132796885,110099379994114
40.58072124807007,110099479994114
41.947901667418,110099579994114
41.4137261358173,110099679994114
41.80222755912114,110099779994114
40.9870650026576,110099879994114
41.39594079417564,110099979994114
41.03279579794168,110100079994114
40.24249220553913,110100179994114
40.1303094671613,110100279994114
39.891553720818074,110100379994114
39.89581613851407,110100479994114
40.84295895398423,110100579994114
40.610191430807376,110100679994114
40.610191430807376,110100779994114
40.147918579505465,110100879994114
40.211292011313255,110100979994114
39.23048039209546,110101079994114
39.489820678514455,110101179994114
39.425981083786674,110101279994114
40.016255683688065,110101379994114
39.93346284431826,110101479994114
40.31112190397257,110101579994114
41.33685399652634,110101679994114
41.28202446452436,110101779994114
41.178975547635005,110101879994114
41.207917280263366,110101979994114
39.96604161603404,110102079994114
38.791721411355155,110102179994114
40.78951626406327,110102279994114
40.71021379617327,110102379994114
41.627883514680775,110102479994114
41.40433263869641,110102579994114
41.890140844917696,110102679994114
43.468285100413524,110102779994114
45.60993958055743,110102879994114
45.92862699790465,110102979994114
47.00076323953379,110103079994114
47.71027823734696,110103179994114
49.95517150860911,110103279994114
52.595965640992425,110103379994114
54.64442553387661,110103479994114
54.30147713011068,110103579994114
54.693270770073596,110103679994114
54.379725418393186,110103779994114
56.26357125917799,110103879994114
56.59503715361538,110103979994114
56.7277996451719,110104079994114
57.45476291265943,110104179994114
58.2057740145026,110104279994114
58.410879229614274,110104379994114
58.722562121774324,110104479994114
58.31407374477514,110104579994114
54.89186766142208,110104679994114
53.31887092312088,110104779994114
51.73530808851832,110104879994114
49.71491095778917,110104979994114
49.57824822694269,110105079994114
49.462035396861566,110105179994114
47.35465360561267,110105279994114
48.922931611712215,110105379994114
49.139280828607475,110105479994114
49.92167312016098,110105579994114
48.937409818645456,110105679994114
47.547913551338546,110105779994114
46.17367259126294,110105879994114
46.30095762738863,110105979994114
45.17146572744788,110106079994114
45.09811595622968,110106179994114
45.497673441042174,110106279994114
47.63289202383482,110106379994114
47.045341879715316,110106479994114
50.107199586138925,110106579994114
50.512178054161865,110106679994114
52.10404769399578,110106779994114
53.748688793172654,110106879994114
55.40750087130866,110106979994114
57.888944422574184,110107079994114
57.8786485937998,110107179994114
58.6398391067689,110107279994114
58.920108172624566,110107379994114
59.45515979628935,110107479994114
59.896669667578585,110107579994114
59.90819565944157,110107679994114
61.55511384727546,110107779994114
61.82654157816636,110107879994114
61.647503076159204,110107979994114
58.948309492513644,110108079994114
54.91521346858472,110108179994114
54.0480316854631,110108279994114
51.017772902185534,110108379994114
52.08619760880156,110108479994114
52.1543179569027,110108579994114
51.14988736814973,110108679994114
53.537516711389245,110108779994114
53.8306690126069,110108879994114
53.56277713561568,110108979994114
52.61896778610954,110109079994114
52.85592742812955,110109179994114
50.388760819068715,110109279994114
47.98049241702056,110109379994114
45.933434508001916,110109479994114
44.28626549583743,110109579994114
44.96817048383403,110109679994114
43.6994865140392,110109779994114
42.922243112806726,110109879994114
44.0275612243764,110109979994114
42.588143300289566,110110079994114
43.06944795764953,110110179994114
43.13852915938306,110110279994114
42.82281926322847,110110379994114
42.282798909700205,110110479994114
39.5748652777464,110110579994114
39.5718148515972,110110679994114
40.629092808507096,110110779994114
40.04209390991733,110110879994114
40.01234431875242,110110979994114
42.244366646654335,110111079994114
41.7163549894796,110111179994114
42.08195917589032,110111279994114
42.275522080038854,110111379994114
44.37083903999648,110111479994114
43.692508887886284,110111579994114
41.29340651732394,110111679994114
40.795440397586276,110111779994114
41.124531469289025,110111879994114
42.334563854922926,110111979994114
42.15653948867989,110112079994114
42.44787542953671,110112179994114
44.72304460272203,110112279994114
46.0084533061105,110112379994114
46.37143668761385,110112479994114
48.17805511542942,110112579994114
48.560458452946555,110112679994114
50.23705771993663,110112779994114
48.61757129839156,110112879994114
48.10224445895648,110112979994114
49.760836641246605,110113079994114
50.4226456637121,110113179994114
51.10785821826154,110113279994114
52.7320515390053,110113379994114
53.2308255349829,110113479994114
55.268742624430246,110113579994114
54.89981617003127,110113679994114
53.661398249469855,110113779994114
50.443762246771364,110113879994114
48.35306315187255,110113979994114
46.832857442712424,110114079994114
44.44019492637946,110114179994114
44.44021387622382,110114279994114
43.242628074328096,110114379994114
42.01302209410354,110114479994114
46.16824029084389,110114579994114
45.5230000851763,110114679994114
45.56824328752987,110114779994114
46.741910768264674,110114879994114
47.35434941591793,110114979994114
43.718125363938896,110115079994114
42.356193942925614,110115179994114
42.098640297326504,110115279994114
42.93051201103052,110115379994114
41.821467849370066,110115479994114
42.42068536172382,110115579994114
45.88989834806818,110115679994114
44.58501192493078,110115779994114
45.06782762414333,110115879994114
45.03867588873369,110115979994114
46.0388759598499,110116079994114
42.132102374840606,110116179994114
41.638160876964726,110116279994114
40.27833054654222,110116379994114
39.66704247543413,110116479994114
39.58042170139963,110116579994114
41.173950139019155,110116679994114
45.18947913411944,110116779994114
48.975153595416685,110116879994114
50.47343694161232,110116979994114
52.75020423758012,110117079994114
53.89713142243824,110117179994114
53.53353254583964,110117279994114
53.52914805810004,110117379994114
50.53827627101037,110117479994114
51.41299459392355,110117579994114
51.3737490609555,110117679994114
49.93856326459372,110117779994114
51.344730452333,110117879994114
52.12610370033845,110117979994114
51.476625873927794,110118079994114
52.33046351864984,110118179994114
53.37282597723442,110118279994114
54.00555176770132,110118379994114
53.168409329478976,110118479994114
53.19562276467128,110118579994114
51.5657344054646,110118679994114
51.524029935313656,110118779994114
51.42421542237786,110118879994114
50.359900927707685,110118979994114
50.910643082328285,110119079994114
51.701880218082884,110119179994114
53.80969713605922,110119279994114
52.50304247853232,110119379994114
54.56406086125891,110119479994114
55.12539975268074,110119579994114
54.69574148827246,110119679994114
51.991265195701416,110119779994114
50.20291355765677,110119879994114
49.663129276671654,110119979994114
49.295029618156974,110120079994114
47.80847529128867,110120179994114
48.49492559671012,110120279994114
50.73098652580853,110120379994114
50.19825736089526,110120479994114
51.244665713938815,110120579994114
52.892276144049816,110120679994114
54.49785925778811,110120779994114
56.69838495504633,110120879994114
52.37324570333936,110120979994114
50.47526633287703,110121079994114
48.19791156537039,110121179994114
47.80589297480835,110121279994114
47.84055804648256,110121379994114
47.937571157366754,110121479994114
47.631788293149846,110121579994114
49.46825503036219,110121679994114
51.530661704899686,110121779994114
51.527238253626855,110121879994114
52.31128718885078,110121979994114
51.67370976352448,110122079994114
46.43121038552309,110122179994114
44.10846954624618,110122279994114
40.4913717074349,110122379994114
40.50403651699689,110122479994114
38.99744098295208,110122579994114
36.51748319694485,110122679994114
38.161397768005436,110122779994114
39.15822812418303,110122879994114
39.43555023115025,110122979994114
39.0663095874079,110123079994114
37.684325271627905,110123179994114
33.112038925204594,110123279994114
32.02104654510409,110123379994114
27.8047291404913,110123479994114
26.04498414845089,110123579994114
25.60824878685982,110123679994114
24.18737772478463,110123779994114
25.863652298118485,110123879994114
28.363267804644536,110123979994114
29.611797876321177,110124079994114
30.630348612777105,110124179994114
30.061894375858746,110124279994114
29.80583025572553,110124379994114
29.88857727470341,110124479994114
28.19002289808061,110124579994114
27.69918571344651,110124679994114
29.025966491583077,110124779994114
29.204763310819178,110124879994114
31.545720715935012,110124979994114
34.37404271238292,110125079994114
34.96950255898301,110125179994114
36.430480109005494,110125279994114
38.40059455648679,110125379994114
42.50481607315375,110125479994114
36.90996790463361,110125579994114
35.15908099284463,110125679994114
35.407109608655865,110125779994114
35.72535510558513,110125879994114
34.401511605789125,110125979994114
33.32460130160547,110126079994114
33.716673242140786,110126179994114
36.5896957284839,110126279994114
38.25313782280705,110126379994114
37.659682645921656,110126479994114
37.338559209706226,110126579994114
35.20539717282817,110126679994114
33.83741635775572,110126779994114
29.6007820057075,110126879994114
30.544867560312465,110126979994114
30.402541895539244,110127079994114
29.632456405753288,110127179994114
30.5911042236692,110127279994114
34.37848301060972,110127379994114
36.7936466543155,110127479994114
38.031009012480105,110127579994114
38.57987360141035,110127679994114
39.84634843646133,110127779994114
37.73096255897638,110127879994114
36.350119650075214,110127979994114
34.74320374887548,110128079994114
35.05850480282718,110128179994114
36.01323135791074,110128279994114
36.690116133615135,110128379994114
40.084467967834975,110128479994114
40.603001911123684,110128579994114
42.87884536095263,110128679994114
43.17263847208108,110128779994114
43.8420292651516,110128879994114
40.90355919119661,110128979994114
39.413083501827714,110129079994114
35.51505043352301,110129179994114
35.96804180771487,110129279994114
34.50048994283932,110129379994114
33.970711628445244,110129479994114
35.229070617166684,110129579994114
35.3711469493827,110129679994114
35.943028962335546,110129779994114
36.40898623527103,110129879994114
35.87872936526897,110129979994114
31.893618814152237,110130079994114
28.03160634450308,110130179994114
23.484238970493266,110130279994114
22.83690251381539,110130379994114
21.709741197081875,110130479994114
20.730561552526897,110130579994114
20.066459335244293,110130679994114
22.574704028778378,110130779994114
